A1,A2,A3,A4,A5,A6,A7,A8,A9,A10,A11,A12,A13,A14,A15,A16,A17,A18,A19,A20,A21,A22,A23,A24,A25,A26,A27,A28,A29,A30,A31,A32,A33,A34,A35,A36,Class
0.2103,0.3872,0.1417,0.0226,0.2689,0.3779,0.1599,0.0206,0.2705,0.3143,0.2266,0.0253,0.0019,0.5451,0.2314,0.5588,0.6773,0.6222,0.6736,0.7153,0.467,0.4789,0.5719,0.3304,0.0019,0.5817,0.214,0.533,0.5777,0.5365,0.6582,0.6347,0.4996,0.565,0.6412,0.1816,1
0.3965,0.1594,0.2476,0.0342,0.4974,0.1739,0.2317,0.0217,0.4912,0.191,0.3465,0.0255,0.0004,0.5985,0.1531,0.7636,0.6451,0.718,0.6177,0.7229,0.556,0.5776,0.5336,0.3059,0.0004,0.6372,0.1039,0.6089,0.5834,0.7002,0.5907,0.6204,0.616,0.5939,0.4972,0.4108,1
0.409,0.0798,0.4499,0.0142,0.5805,0.0696,0.3788,0.014,0.559,0.0966,0.5202,0.0128,0.0006,0.8854,0.4455,0.806,0.8861,0.9775,0.8112,0.9643,0.7846,0.8917,0.9342,0.5924,0.0006,0.9037,0.3015,0.8469,1,0.7956,0.6679,0.9633,0.86,0.9812,0.8745,0.6111,1
0.2767,0.2635,0.3302,0.0355,0.3931,0.2946,0.2861,0.0376,0.3966,0.2509,0.3976,0.0373,0.0025,0.6113,0.2437,0.6805,0.6685,0.6596,0.5783,0.7562,0.4908,0.74,0.6048,0.4618,0.0025,0.6192,0.1625,0.7226,0.6394,0.6439,0.6661,0.6434,0.6755,0.8104,0.6534,0.4475,1
0.4674,0.1713,0.4314,0.071,0.6736,0.2092,0.382,0.0723,0.6488,0.207,0.5267,0.0738,0.0013,0.8215,0.4063,0.8147,0.7609,0.9111,0.8186,0.9476,0.749,0.7404,0.843,0.6106,0.0013,0.8197,0.1719,0.6792,0.7512,0.878,0.8843,0.9652,0.7869,0.8648,0.894,0.5845,1
0.3104,0.2513,0.2014,0.0416,0.4172,0.2526,0.2172,0.0323,0.4004,0.2448,0.3178,0.0325,0.0007,0.7051,0.3151,0.8354,0.7045,0.762,0.7098,0.8207,0.5948,0.7532,0.6711,0.3297,0.0007,0.7374,0.3343,0.8082,0.8928,0.7309,0.7436,0.7779,0.7735,0.9033,0.8193,0.3288,1
0.339,0.2286,0.2394,0.0671,0.4542,0.2464,0.2597,0.0517,0.4224,0.295,0.3281,0.0537,0.0028,0.6683,0.3065,0.7842,0.6663,0.7503,0.6799,0.7305,0.63,0.6718,0.7912,0.3416,0.0028,0.6938,0.0366,0.6701,0.7208,0.5201,0.6721,0.6069,0.6178,0.6988,0.8023,0.3273,1
0.6867,0.0376,0.5437,0.0331,0.9433,0.0497,0.449,0.0387,0.9411,0.0564,0.6341,0.0388,0.0017,0.8679,0.3968,0.9113,0.8652,0.9837,0.7566,0.8948,0.7998,0.8309,0.9386,0.6353,0.0017,0.883,0.1695,0.6925,0.821,0.7576,0.7567,0.7939,0.7459,0.704,0.6711,0.3939,1
0.3143,0.2549,0.312,0.0237,0.4672,0.2886,0.2507,0.0227,0.4518,0.2804,0.3849,0.0225,0.0032,0.7054,0.4105,0.8495,0.7757,0.7935,0.666,0.8427,0.5379,0.6665,0.7286,0.4236,0.0032,0.7063,0.2767,0.7571,0.861,0.7639,0.7572,0.5814,0.5974,0.8745,0.6832,0.4429,1
0.3743,0.2311,0.3109,0.0156,0.5523,0.2738,0.2308,0.012,0.5124,0.2959,0.3311,0.0121,0.0052,0.6906,0.4113,0.8071,0.7258,0.7645,0.7137,0.7793,0.588,0.6743,0.6557,0.4503,0.0052,0.6839,0.3243,0.6758,0.6607,0.8187,0.7276,0.5945,0.4641,0.843,0.6134,0.2214,1
0.4703,0.1299,0.3791,0.0092,0.6779,0.1452,0.3159,0.0042,0.6371,0.1581,0.3845,0.0042,0.0008,0.8526,0.371,0.8808,0.7915,0.9199,0.7791,0.8844,0.8138,0.8741,0.8437,0.6915,0.0008,0.857,0.3428,0.878,0.757,0.8309,0.8293,0.7029,0.8978,0.9357,0.93,0.6233,1
0.2895,0.2917,0.1799,0.0163,0.39,0.2917,0.1829,0.007,0.3791,0.2557,0.2804,0.0134,0.0005,0.6701,0.2092,0.7099,0.676,0.763,0.7127,0.747,0.6385,0.6012,0.8215,0.4805,0.0005,0.6945,0.1304,0.6954,0.7812,0.7226,0.7002,0.6835,0.8304,0.9884,0.8165,0.5619,1
0.2423,0.2598,0.1839,0.0201,0.3027,0.2462,0.1773,0.0239,0.3039,0.2121,0.2632,0.0327,0.001,0.6717,0.3954,0.7929,0.7905,0.6891,0.5746,0.7382,0.5501,0.7127,0.7182,0.5112,0.001,0.722,0.3144,0.7804,0.728,0.6667,0.5111,0.7699,0.8442,0.7717,0.6536,0.4213,1
0.4154,0.1571,0.3708,0.0165,0.5794,0.1649,0.2916,0.0099,0.5605,0.1696,0.4151,0.0096,0.0009,0.7864,0.334,0.8552,0.7995,0.8554,0.7337,0.7673,0.6807,0.8367,0.9357,0.5965,0.0009,0.814,0.3083,0.8788,0.9277,0.8597,0.774,0.696,0.8132,0.9106,0.9234,0.3935,1
0.4627,0.2789,0.2298,0.0448,0.6278,0.2662,0.2301,0.0332,0.615,0.2287,0.3605,0.0369,0.0006,0.7158,0.3079,0.8551,0.7453,0.7475,0.64,0.8082,0.6246,0.7354,0.7873,0.4743,0.0006,0.7549,0.1471,0.6517,0.7554,0.6405,0.6879,0.8011,0.7562,0.9124,0.8499,0.4309,1
0.2882,0.2954,0.3356,0.0323,0.4369,0.2971,0.2975,0.0445,0.4474,0.2293,0.4642,0.0471,0.0003,0.6491,0.2547,0.6304,0.6743,0.73,0.6552,0.854,0.5883,0.6998,0.6405,0.4033,0.0003,0.6492,0.171,0.5933,0.6257,0.5592,0.7116,0.6395,0.5435,0.8286,0.8768,0.4231,1
0.1627,0.331,0.1425,0.0736,0.2053,0.3257,0.1637,0.0829,0.2125,0.2615,0.2637,0.0872,0.0009,0.5991,0.211,0.7071,0.6095,0.7111,0.5984,0.7553,0.6079,0.5062,0.5344,0.4921,0.0009,0.6307,0.3425,0.6963,0.7112,0.8601,0.6628,0.7193,0.7728,0.8347,0.7122,0.2712,1
0.3087,0.1782,0.3647,0.0203,0.4044,0.2047,0.2612,0.0228,0.3987,0.2016,0.406,0.0243,0.0009,0.6798,0.3661,0.7956,0.7199,0.7821,0.6903,0.7559,0.5424,0.6893,0.6988,0.4521,0.0009,0.7076,0.2711,0.688,0.6679,0.6934,0.7595,0.5759,0.5463,0.7412,0.7373,0.3512,1
0.4159,0.1516,0.2711,0.0003,0.5571,0.1391,0.2723,0.0026,0.5289,0.1538,0.3822,0.0043,0.0023,0.7595,0.3501,0.8366,0.7882,0.8991,0.7856,0.8547,0.6308,0.7262,0.7067,0.4289,0.0023,0.8085,0.2455,0.8027,0.9005,0.9447,0.6677,0.8001,0.6587,0.6124,0.7391,0.4336,1
0.3248,0.2784,0.1804,0.0209,0.4284,0.2801,0.1914,0.014,0.405,0.2782,0.2802,0.0215,0.0013,0.6922,0.3514,0.7371,0.6963,0.8165,0.6147,0.7634,0.6503,0.6925,0.7019,0.5607,0.0013,0.7406,0.2246,0.928,0.8197,0.8246,0.7457,0.6833,0.8306,0.8533,0.97,0.4904,1
0.3862,0.1427,0.3816,0.0025,0.5887,0.1467,0.3265,0.0025,0.5853,0.1316,0.4999,0.0025,0.001,0.8744,0.3335,0.8508,0.8677,0.9273,0.7859,0.9445,0.8396,0.917,0.9281,0.5264,0.001,0.871,0.3155,0.8562,0.8899,0.6939,0.7447,0.8086,0.9318,0.8872,0.9022,0.4055,1
0.3507,0.3133,0.2661,0.0164,0.532,0.374,0.2009,0.0205,0.4843,0.3844,0.262,0.0215,0.0035,0.6377,0.4057,0.7653,0.7089,0.705,0.6347,0.766,0.5267,0.596,0.5948,0.4056,0.0035,0.627,0.3276,0.7188,0.7362,0.6697,0.6916,0.73,0.6244,0.755,0.6639,0.3432,1
0.1924,0.2931,0.2022,0.0718,0.2339,0.3175,0.1937,0.055,0.2324,0.2771,0.293,0.0566,0.0002,0.6908,0.503,0.708,0.6912,0.732,0.7463,0.826,0.5786,0.6499,0.6202,0.3868,0.0002,0.7234,0.1664,0.705,0.7248,0.5941,0.6986,0.677,0.6091,0.822,0.8025,0.3847,1
0.2889,0.2803,0.1856,0.0311,0.3578,0.2706,0.1781,0.026,0.3449,0.2416,0.2496,0.0334,0.0018,0.608,0.2748,0.5743,0.7353,0.6191,0.5812,0.7143,0.5759,0.737,0.7239,0.3847,0.0018,0.6449,0.1903,0.6662,0.5711,0.4946,0.482,0.5785,0.6318,0.9589,0.7288,0.2732,1
0.4133,0.1317,0.4836,0.0929,0.4885,0.1795,0.4849,0.0948,0.4694,0.2144,0.6324,0.1059,0.0012,0.9152,0.5866,0.9203,0.8408,0.9663,1,0.9524,0.8615,0.8879,0.7553,0.5538,0.0012,0.9869,0.1892,0.6907,0.6548,0.8129,0.9445,0.9076,0.9467,1,0.7153,0.4301,1
0.3931,0.3301,0.3702,0.0774,0.5086,0.427,0.4262,0.0706,0.453,0.5197,0.4907,0.0754,0.0014,0.6827,0.8226,0.7093,0.7064,0.7129,0.6529,0.7326,0.5533,0.7486,0.6974,0.3605,0.0014,0.7292,0.1038,0.6302,0.7696,0.5762,0.7221,0.7022,0.8604,0.7487,0.6839,0.2789,1
0.4346,0.1205,0.3379,0.0374,0.5589,0.1132,0.3423,0.0273,0.5468,0.1281,0.5248,0.0338,0.0002,0.7382,0.2637,0.8045,0.7652,0.6164,0.6473,0.8421,0.7624,0.9156,0.8015,0.5687,0.0002,0.7792,0.1396,0.569,0.6154,0.3959,0.569,0.8616,0.781,0.8572,0.7128,0.5453,1
0.5246,0.0347,0.5307,0.0258,0.7117,0.05,0.4688,0.0296,0.6953,0.0659,0.6243,0.0324,0.0025,0.8065,0.4103,0.8093,0.8279,0.7983,0.725,0.948,0.7933,0.7744,0.9323,0.4519,0.0025,0.8209,0.2151,0.6834,0.823,0.5865,0.5097,0.7885,0.7956,0.7441,0.7882,0.3156,1
0.3745,0.179,0.3715,0.0294,0.5385,0.1971,0.3597,0.0352,0.5307,0.1964,0.4519,0.0361,0.0005,0.8136,0.3936,0.8384,0.8649,0.8395,0.7888,0.8967,0.7681,0.7991,0.7658,0.5065,0.0005,0.8276,0.2918,0.8281,0.9183,0.7644,0.9996,0.8059,0.8884,0.909,0.9196,0.4769,1
0.6404,0.0712,0.5182,0.0335,0.9029,0.0874,0.4782,0.0401,0.9015,0.1019,0.6505,0.0428,0.0014,0.7848,0.3623,0.9179,0.8842,0.8885,0.7631,0.9768,0.5292,0.7315,0.9151,0.3038,0.0014,0.8089,0.2088,0.7031,0.8527,0.742,0.8314,0.7359,0.5777,0.7557,0.8171,0.1907,1
0.2473,0.2994,0.291,0.0267,0.3852,0.3209,0.2539,0.0309,0.391,0.2752,0.3786,0.0312,0.0011,0.6515,0.2272,0.7219,0.6927,0.7867,0.7542,0.8655,0.5937,0.6653,0.5464,0.3093,0.0011,0.6409,0.1463,0.6355,0.6805,0.8004,0.8171,0.685,0.7078,0.5905,0.3141,0.3634,1
0.4145,0.2134,0.3782,0.0251,0.6138,0.2166,0.3247,0.0291,0.5855,0.2206,0.4399,0.0289,0.0013,0.7603,0.2801,0.8191,0.811,0.7961,0.7245,0.9078,0.7364,0.7364,0.7994,0.4755,0.0013,0.7587,0.1182,0.7947,0.8937,0.7735,0.7416,0.8408,0.9213,0.6949,0.72,0.2776,1
0.5199,0.1343,0.4117,0.0144,0.7184,0.1765,0.2994,0.0163,0.7006,0.1573,0.4449,0.0176,0.0015,0.7438,0.3315,0.7733,0.7233,0.8058,0.7795,0.8767,0.6534,0.757,0.764,0.5333,0.0015,0.7427,0.2434,0.7576,0.7754,0.7608,0.8326,0.7411,0.6188,0.8301,0.7743,0.2861,1
0.2839,0.3188,0.1466,0.0201,0.3777,0.3419,0.1622,0.0176,0.3731,0.2989,0.2197,0.0215,0.0036,0.6381,0.3242,0.663,0.7467,0.7784,0.6961,0.7557,0.5201,0.6546,0.5353,0.4472,0.0036,0.6636,0.3015,0.6807,0.7497,0.8071,0.7313,0.7316,0.7319,0.8819,0.6949,0.2225,1
0.356,0.2362,0.3194,0.0178,0.502,0.2548,0.2261,0.0193,0.4515,0.2942,0.3033,0.018,0.0098,0.6481,0.3775,0.7814,0.6786,0.6262,0.6863,0.8019,0.5716,0.6089,0.6923,0.3667,0.0098,0.6607,0.2941,0.7539,0.7945,0.5778,0.7413,0.637,0.6687,0.7498,0.4973,0.4873,1
0.4331,0.0965,0.4474,0.0293,0.5919,0.1107,0.3522,0.0324,0.5355,0.1526,0.4402,0.0321,0.0018,0.8072,0.3505,0.7899,0.8859,0.9028,0.8079,0.876,0.7022,0.7961,0.7963,0.5332,0.0018,0.8291,0.174,0.7005,0.8516,0.8451,0.9705,0.912,0.7247,0.7623,0.6427,0.3185,1
0.3774,0.1779,0.2375,0.0565,0.4636,0.1916,0.2382,0.0298,0.4646,0.1781,0.3219,0.0372,0.001,0.6687,0.3313,0.7514,0.7411,0.714,0.6432,0.7523,0.7267,0.5449,0.7242,0.2618,0.001,0.7081,0.1594,0.602,0.7555,0.6837,0.6698,0.655,0.8431,0.7809,0.8252,0.269,1
0.3771,0.1385,0.2545,0.0081,0.4674,0.1229,0.2717,0.0055,0.462,0.1144,0.3502,0.0059,0.0006,0.6844,0.2383,0.7485,0.7833,0.852,0.6746,0.7954,0.6537,0.5915,0.7335,0.3988,0.0006,0.7333,0.1865,0.7914,0.7214,0.9599,0.6764,0.7421,0.8431,0.5579,0.5717,0.3763,1
0.3776,0.2424,0.3087,0.0098,0.5296,0.2537,0.2437,0.0073,0.5297,0.2334,0.3586,0.0079,0.002,0.677,0.2632,0.7362,0.7342,0.738,0.5757,0.783,0.6904,0.7395,0.6905,0.4813,0.002,0.7004,0.1706,0.7408,0.6915,0.7267,0.8792,0.737,0.8728,0.7682,0.8066,0.3962,1
0.6808,0.2094,0.6062,0.1396,0.967,0.3351,0.7312,0.1552,0.8552,0.5607,0.8514,0.1561,0.0004,0.8986,0.8273,0.8586,0.9175,0.8061,0.8755,0.9905,0.8395,0.776,0.8356,0.3937,0.0004,0.9125,0.0855,0.5807,0.8278,0.7348,0.7686,0.879,0.7874,0.779,0.6342,0.3392,1
0.1606,0.1285,0.2723,0.0169,0.193,0.0787,0.3079,0.01,0.1928,0.1022,0.416,0.0172,0.0008,0.6226,0.2392,0.7256,0.7973,0.7091,0.6902,0.7451,0.5208,0.6481,0.3671,0.4906,0.0008,0.6809,0.2901,0.5835,0.7289,0.5588,0.6276,0.6733,0.3737,0.5804,0.4627,0.2889,1
0.2317,0.1864,0.2366,0.0238,0.27,0.156,0.2247,0.0126,0.2536,0.1648,0.3289,0.0182,0.0004,0.6331,0.2683,0.6191,0.7278,0.6935,0.6221,0.6965,0.5972,0.6562,0.7197,0.5726,0.0004,0.6828,0.099,0.5506,0.754,0.6349,0.5949,0.6176,0.793,0.6836,0.8349,0.5398,1
0.2627,0.1913,0.2417,0.0194,0.3011,0.2302,0.1971,0.0062,0.2643,0.2946,0.2406,0.008,0.0009,0.6777,0.271,0.7354,0.6058,0.7663,0.7587,0.7142,0.6542,0.642,0.8984,0.3553,0.0009,0.7336,0.1485,0.7127,0.6857,0.664,0.7324,0.7182,0.7108,0.8933,0.9057,0.4916,1
0.5161,0.1672,0.457,0.0484,0.7595,0.1852,0.3733,0.0537,0.6986,0.2339,0.492,0.0531,0.0067,0.8108,0.3986,0.9648,0.8519,0.7377,0.7837,0.8814,0.7081,0.7925,0.9511,0.6157,0.0067,0.8148,0.1879,0.8617,0.754,0.6692,0.7634,0.826,0.7561,0.9024,0.813,0.2822,1
0.3704,0.1393,0.4202,0.0346,0.5351,0.1743,0.3458,0.0412,0.4936,0.2053,0.4362,0.0419,0.0024,0.8188,0.445,0.9114,0.8548,0.8538,0.7959,0.8956,0.6979,0.7667,0.923,0.4397,0.0024,0.8181,0.2856,0.8079,0.8923,0.8944,0.7555,0.7621,0.9242,0.8762,0.6912,0.4372,1
0.68,0,0.6087,0.0183,1,0.0009,0.5884,0.0212,1,0.0301,0.8338,0.0218,0.0009,1,0.5304,1,1,1,0.9501,0.9671,1,1,0.8476,0.3081,0.0009,1,0.291,1,0.7829,0.8128,0.7922,0.6922,1,0.859,0.702,0.336,1
0.2511,0.2171,0.3416,0.0227,0.3633,0.2444,0.2904,0.0234,0.3583,0.2404,0.3786,0.0237,0.001,0.6805,0.2632,0.7381,0.7023,0.7288,0.7185,0.7949,0.6371,0.6746,0.7678,0.3779,0.001,0.6862,0.2488,0.6897,0.7152,0.5512,0.7648,0.6477,0.6783,0.6764,0.3481,0.3628,1
0.3497,0.1545,0.3956,0.0302,0.5262,0.1847,0.3524,0.0318,0.4957,0.2152,0.4417,0.0311,0.0007,0.8378,0.4073,0.9197,0.7363,0.8174,0.8851,0.9795,0.7049,0.8808,0.8518,0.5658,0.0007,0.8325,0.2682,0.8873,0.7648,0.8402,0.946,0.9745,0.9858,0.9355,0.7857,0.3825,1
0.3928,0.1901,0.3413,0.0068,0.5756,0.2037,0.2966,0.0058,0.5377,0.2295,0.3713,0.0067,0.0067,0.7388,0.3686,0.9062,0.7847,0.8617,0.7413,0.81,0.6448,0.6694,0.7158,0.3498,0.0067,0.7435,0.1687,0.8259,0.8676,0.8098,0.833,0.6867,0.7602,0.6742,0.7388,0.4048,1
0.3801,0.1368,0.2917,0.0288,0.444,0.155,0.2255,0.0212,0.4083,0.1842,0.3457,0.0245,0.0017,0.8147,0.401,0.915,0.7657,0.8925,0.7958,0.9407,0.6949,0.8171,0.7787,0.5634,0.0017,0.8731,0.2644,0.8445,0.985,0.9493,0.9795,0.7192,0.8383,0.9327,0.9365,0.401,1
0.4359,0.1424,0.4187,0.0161,0.6254,0.1697,0.3459,0.0106,0.5914,0.1908,0.4363,0.0112,0.0013,0.8289,0.2859,0.8991,0.8072,0.8388,0.7629,0.8665,0.787,0.8473,0.9627,0.5715,0.0013,0.827,0.2253,0.9645,0.8964,0.8923,0.8582,0.9467,0.8693,0.9718,0.8521,0.5407,1
0.5926,0.0389,0.5691,0.0495,0.7866,0.0704,0.4669,0.0517,0.7482,0.1114,0.6085,0.0513,0.0008,0.8104,0.4939,0.9832,0.7831,0.8352,0.7044,0.8777,0.7521,0.7464,0.8438,0.5043,0.0008,0.8396,0.2377,0.8157,0.7452,0.6382,0.5821,0.8295,0.8772,0.7372,0.8386,0.3523,1
0.1727,0.3152,0.269,0.014,0.2464,0.3398,0.2083,0.0092,0.2448,0.3118,0.3408,0.0108,0.0009,0.6271,0.195,0.7603,0.6124,0.72,0.6541,0.7116,0.6363,0.5642,0.6913,0.4541,0.0009,0.645,0.132,0.7944,0.6644,0.6084,0.7662,0.9355,0.6385,0.6256,0.7138,0.2885,1
0.2219,0.3881,0.2964,0.0283,0.285,0.4259,0.1888,0.0258,0.2779,0.3946,0.2961,0.026,0.0007,0.5046,0.1482,0.5614,0.5731,0.5768,0.5738,0.691,0.5042,0.4076,0.5094,0.4075,0.0007,0.529,0.0902,0.6057,0.5784,0.6635,0.5985,0.634,0.5093,0.6143,0.7223,0.2372,1
0.171,0.2772,0.1864,0.0705,0.1921,0.2637,0.1832,0.0384,0.1995,0.2203,0.2549,0.0453,0.0002,0.5503,0.2106,0.6743,0.6638,0.6418,0.5948,0.7036,0.4887,0.5782,0.5094,0.307,0.0002,0.5988,0.1089,0.524,0.4458,0.533,0.4671,0.516,0.4553,0.5167,0.6825,0.2789,1
0.1891,0.2847,0.1582,0.0222,0.2313,0.2581,0.1614,0.0167,0.2351,0.2133,0.2542,0.0238,0.0015,0.5213,0.3409,0.5954,0.5863,0.6166,0.5719,0.6106,0.5,0.4755,0.5645,0.19,0.0015,0.5643,0.2546,0.6207,0.4928,0.5998,0.4766,0.6103,0.4583,0.4624,0.5283,0.3413,1
0.4725,0.0936,0.4157,0,0.6881,0.0942,0.3648,0,0.692,0.0877,0.5267,0,0.0005,0.7543,0.3443,0.8089,0.7742,0.8817,0.5578,0.9507,0.6578,0.7559,0.801,0.5247,0.0005,0.7774,0.2562,0.6819,0.6567,0.7642,0.6859,0.6587,0.5542,0.7966,0.7883,0.4716,1
0.1752,0.3024,0.2018,0.0084,0.209,0.2976,0.2018,0.0091,0.2075,0.2444,0.2987,0.0123,0.0011,0.6251,0.189,0.6293,0.5854,0.6542,0.7323,0.7816,0.6756,0.6795,0.5399,0.5014,0.0011,0.6672,0.1016,0.5369,0.4457,0.4701,0.6925,0.915,0.6436,0.7921,0.6729,0.2624,1
0.4267,0.1034,0.4382,0.0068,0.5873,0.1097,0.3582,0.0058,0.5754,0.1286,0.4966,0.005,0.0007,0.7494,0.2457,0.8738,0.7625,0.8302,0.7088,0.778,0.7474,0.5812,0.8638,0.6283,0.0007,0.7601,0.1285,0.743,0.7654,0.663,0.6629,0.6807,0.703,0.7328,0.7961,0.4721,1
0.3539,0.127,0.2887,0.0246,0.4306,0.1202,0.2894,0.0267,0.4405,0.112,0.4402,0.0336,0.0003,0.774,0.2485,0.7412,0.75,0.8699,0.7611,0.8827,0.7245,0.6974,0.8636,0.6365,0.0003,0.8401,0.1904,0.7442,0.8091,0.8926,0.7789,0.8007,0.8195,0.8764,0.9829,0.5157,1
0.1453,0.4577,0.11,0.0274,0.1637,0.4768,0.0958,0.0206,0.163,0.4085,0.169,0.0285,0.0003,0.5084,0.1983,0.6146,0.5621,0.6498,0.5309,0.6532,0.5404,0.559,0.4011,0.3886,0.0003,0.5535,0.2256,0.4568,0.6277,0.5877,0.6251,0.5707,0.6344,0.6242,0.5642,0.38,1
0.2059,0.3667,0.2364,0.0127,0.287,0.3806,0.1505,0.0087,0.2899,0.3185,0.2921,0.0101,0.0007,0.5577,0.3521,0.5808,0.6102,0.6323,0.6073,0.6543,0.5549,0.4786,0.5849,0.3867,0.0007,0.5703,0.2485,0.6908,0.6661,0.6772,0.7142,0.4807,0.4998,0.6738,0.6534,0.3366,1
0.357,0.1465,0.4034,0.0101,0.5172,0.1741,0.3282,0.0044,0.5111,0.1764,0.5085,0.0051,0.0001,0.6879,0.3231,0.6991,0.7523,0.7892,0.6843,0.7917,0.6328,0.6209,0.6918,0.4699,0.0001,0.6825,0.2813,0.6633,0.6276,0.6809,0.4814,0.4965,0.6163,0.6701,0.614,0.3684,1
0.4526,0.026,0.4204,0.0179,0.5671,0,0.4429,0.0125,0.5544,0,0.6093,0.0153,0.0007,0.9006,0.503,0.9443,0.7657,0.9713,0.9308,0.9848,0.8874,0.9036,0.8908,0.3675,0.0007,0.97,0.2747,0.7263,0.9653,0.7733,0.9269,0.8422,0.8172,0.7522,0.5995,0.2814,1
0.1647,0.3585,0.132,0.0174,0.2159,0.3624,0.1567,0.0176,0.2025,0.3545,0.2152,0.0243,0.0036,0.6032,0.2633,0.7144,0.7839,0.6812,0.5964,0.6689,0.573,0.4988,0.631,0.3804,0.0036,0.6368,0.1928,0.7125,0.7796,0.7829,0.6252,0.7544,0.57,0.5697,0.6867,0.3542,1
0.3136,0.3334,0.279,0.0205,0.4499,0.3614,0.2072,0.0177,0.4366,0.343,0.3476,0.0184,0.0021,0.5971,0.3579,0.6652,0.638,0.7088,0.5636,0.6523,0.6035,0.546,0.6028,0.4549,0.0021,0.6028,0.3009,0.7328,0.7589,0.6448,0.6814,0.7135,0.5791,0.7654,0.6904,0.3528,1
0.4579,0.1366,0.3634,0.0238,0.5828,0.1174,0.3636,0.019,0.55,0.1296,0.4769,0.0194,0.0005,0.8377,0.3675,0.9092,0.8291,0.7822,0.8316,1,0.6381,0.8426,0.9642,0.6037,0.0005,0.8939,0.2315,0.678,0.8268,0.6567,0.9199,0.7699,0.6508,0.8075,0.749,0.4751,1
0.3032,0.2389,0.3317,0.0151,0.4474,0.2618,0.2973,0.0161,0.4489,0.2263,0.4345,0.0158,0.0017,0.5648,0.2175,0.6316,0.6711,0.651,0.6295,0.6878,0.4783,0.5753,0.5382,0.4155,0.0017,0.5627,0.1224,0.5843,0.5738,0.4938,0.5077,0.5036,0.4588,0.5438,0.6972,0.3023,1
0.1681,0.3774,0.1436,0.054,0.1862,0.4299,0.1189,0.0255,0.1662,0.4636,0.1552,0.0303,0.0026,0.5428,0.2755,0.7172,0.602,0.6608,0.5719,0.6287,0.4933,0.5109,0.4701,0.3385,0.0026,0.5916,0.1568,0.6751,0.6264,0.659,0.6729,0.6737,0.6093,0.5547,0.6924,0.2783,1
0.2236,0.3522,0.2699,0.0257,0.3158,0.365,0.2052,0.0168,0.3206,0.3103,0.3292,0.0176,0.0019,0.5641,0.2839,0.6596,0.6036,0.678,0.618,0.6463,0.5129,0.4832,0.6302,0.4047,0.0019,0.579,0.2308,0.6646,0.5282,0.4862,0.5681,0.6197,0.536,0.6825,0.4778,0.239,1
0.3434,0.1417,0.2663,0.015,0.4076,0.145,0.2457,0.0132,0.3872,0.1566,0.3519,0.0211,0.0023,0.7049,0.3388,0.6643,0.7701,0.7958,0.7484,0.8571,0.6589,0.6857,0.6145,0.4319,0.0023,0.7612,0.2955,0.7477,0.8397,0.7402,0.8947,0.8169,0.7237,0.6905,0.6895,0.4052,1
0.1102,0.3394,0.1308,0.0121,0.1117,0.3279,0.1255,0.002,0.1071,0.3166,0.1751,0.0086,0.0008,0.5472,0.2276,0.7337,0.5736,0.7008,0.5591,0.6948,0.4982,0.4704,0.4891,0.3898,0.0008,0.6129,0.3501,0.6416,0.7778,0.7998,0.721,0.7051,0.5871,0.6731,0.8363,0.4781,1
0.2464,0.4246,0.2825,0.0505,0.3323,0.5021,0.1825,0.0546,0.3137,0.4699,0.2954,0.056,0.0017,0.4925,0.1159,0.5342,0.5625,0.5493,0.5488,0.7058,0.5129,0.4357,0.545,0.3168,0.0017,0.4933,0.0981,0.3502,0.5157,0.4123,0.5024,0.5678,0.4912,0.6325,0.5997,0.1855,1
0.2096,0.3624,0.2517,0.0025,0.3141,0.3898,0.2062,0.0032,0.3089,0.3502,0.3138,0.0027,0.0014,0.5957,0.2263,0.6151,0.7156,0.6824,0.6268,0.7644,0.5319,0.5701,0.5717,0.3898,0.0014,0.592,0.1698,0.6404,0.7201,0.7058,0.6715,0.7183,0.5812,0.6861,0.7996,0.3369,1
0.1279,0.3143,0.1574,0.0175,0.1411,0.3172,0.1542,0.006,0.1217,0.3351,0.1813,0.0113,0.0032,0.5679,0.1788,0.6428,0.628,0.6202,0.6313,0.7329,0.5329,0.5462,0.4978,0.4526,0.0032,0.6086,0.2098,0.6517,0.5425,0.5377,0.6929,0.6747,0.6428,0.6553,0.7025,0.4493,1
0.1129,0.4921,0.0902,0.0159,0.1303,0.5255,0.0541,0.0117,0.1198,0.4841,0.1061,0.0193,0,0.4747,0.2289,0.5573,0.5666,0.6229,0.5443,0.5825,0.443,0.4412,0.4046,0.3106,0,0.5121,0.2467,0.6565,0.4875,0.5153,0.6535,0.5837,0.4792,0.6234,0.3992,0.2638,1
0.3401,0.2126,0.3317,0.005,0.4742,0.2665,0.2298,0.0043,0.4485,0.2614,0.3245,0.0047,0.0013,0.6527,0.3588,0.6839,0.7081,0.7432,0.6549,0.752,0.5357,0.6388,0.7141,0.4101,0.0013,0.6586,0.3819,0.8478,0.5875,0.63,0.6085,0.6131,0.6057,0.7595,0.7135,0.4072,1
0.3847,0.1502,0.2572,0.0182,0.5122,0.1581,0.2585,0.0158,0.5119,0.1388,0.367,0.0221,0.0002,0.6938,0.377,0.7396,0.6822,0.7701,0.7131,0.8425,0.6099,0.631,0.768,0.3857,0.0002,0.7233,0.4319,0.733,0.6745,0.6478,0.8713,0.8141,0.718,0.7564,0.7852,0.3661,1
0.1382,0.4751,0.0942,0.0365,0.1632,0.4772,0.1029,0.0393,0.1614,0.4066,0.1422,0.0491,0.0001,0.5316,0.306,0.7562,0.6165,0.5749,0.4847,0.6497,0.4873,0.5015,0.5228,0.4026,0.0001,0.5798,0.2739,0.854,0.7192,0.7156,0.5877,0.681,0.7743,0.7492,0.8992,0.4305,1
0.3417,0.3035,0.2123,0.0312,0.4424,0.2701,0.2452,0.0202,0.4263,0.2502,0.3082,0.0227,0.0001,0.6647,0.2627,0.6544,0.6341,0.8026,0.7152,0.7957,0.653,0.7186,0.6739,0.3606,0.0001,0.7096,0.2143,0.6781,0.7155,0.7132,0.7963,1,0.8605,0.8644,0.673,0.1176,1
0.0789,0.6495,0.0505,0.0436,0.07,0.6881,0.0162,0.0215,0.0706,0.5795,0.0707,0.0276,0.0006,0.4262,0.2199,0.5527,0.5061,0.5664,0.5182,0.5275,0.3673,0.4107,0.3956,0.3438,0.0006,0.463,0.1805,0.643,0.5377,0.5121,0.4559,0.4417,0.4636,0.6714,0.4702,0.2941,1
0.2051,0.3568,0.1319,0.0309,0.2823,0.378,0.1092,0.0265,0.2815,0.3258,0.2377,0.0312,0.0005,0.6221,0.2821,0.6897,0.6994,0.7407,0.6169,0.7476,0.4703,0.5306,0.6125,0.517,0.0005,0.6484,0.3084,0.8625,0.7725,0.8233,0.8067,0.8391,0.5102,0.6694,0.7304,0.5378,1
0.1118,0.5253,0.0696,0.0196,0.1406,0.5399,0.0726,0.0093,0.1421,0.4426,0.146,0.0165,0.0005,0.5549,0.2206,0.657,0.5693,0.6481,0.6253,0.7311,0.5272,0.5156,0.5522,0.356,0.0005,0.5933,0.1517,0.7377,0.64,0.869,0.7005,0.7729,0.7629,0.783,0.8138,0.391,1
0.3735,0.2143,0.2598,0.0098,0.4875,0.1931,0.2999,0.0081,0.4613,0.2114,0.358,0.0112,0.0028,0.762,0.2382,0.8241,0.7048,0.7697,0.8008,0.8785,0.8085,0.6428,0.9747,0.5431,0.0028,0.793,0.1935,0.757,0.6255,0.7534,0.8881,0.7834,0.8421,0.8287,0.7964,0.2281,1
0.2999,0.1622,0.2773,0.0336,0.3808,0.1702,0.2653,0.0062,0.3452,0.188,0.3596,0.0093,0.0003,0.6886,0.3496,0.6789,0.799,0.7032,0.5865,0.7889,0.5792,0.7608,0.7867,0.5656,0.0003,0.7222,0.3927,0.7221,0.7782,0.5293,0.5224,0.5102,0.6265,0.8438,0.9231,0.3807,1
0.2843,0.2981,0.2222,0.0593,0.3303,0.308,0.2274,0.0349,0.3116,0.3062,0.2784,0.0358,0.0005,0.549,0.2171,0.7602,0.6302,0.6768,0.5567,0.6508,0.5199,0.5814,0.4822,0.3369,0.0005,0.5902,0.122,0.5025,0.6162,0.4463,0.5839,0.4835,0.4156,0.5829,0.4931,0.288,1
0.3091,0.2459,0.2369,0.096,0.4052,0.2282,0.2032,0.0384,0.4149,0.1857,0.3234,0.0403,0.0012,0.6266,0.2233,0.6627,0.7644,0.6864,0.6575,0.7651,0.6579,0.4989,0.5862,0.5136,0.0012,0.6536,0.3488,0.503,0.5946,0.6566,0.5473,0.6543,0.8225,0.7471,0.4566,0.378,1
0.1707,0.1939,0.2113,0.0205,0.2016,0.1563,0.2332,0.0132,0.1863,0.1621,0.2753,0.0236,0.0058,0.6791,0.3588,0.6425,0.6777,0.8043,0.7109,0.8496,0.6713,0.6614,0.6485,0.3651,0.0058,0.7309,0.2161,0.5621,0.5884,0.858,0.6959,0.8032,0.873,0.5852,0.4716,0.1515,1
0.1852,0.3609,0.1479,0.0176,0.2249,0.3572,0.1231,0.0141,0.2248,0.3096,0.2225,0.0206,0.0003,0.5415,0.2374,0.6249,0.65,0.5565,0.6097,0.6431,0.5595,0.5179,0.4524,0.4245,0.0003,0.565,0.2361,0.6804,0.6416,0.4249,0.5206,0.5174,0.6117,0.5149,0.5241,0.4875,1
0.2897,0.3244,0.1668,0.0104,0.3847,0.3571,0.1452,0.0043,0.364,0.3379,0.2127,0.0095,0.0007,0.6345,0.2399,0.6706,0.6591,0.721,0.6653,0.7308,0.5523,0.59,0.6655,0.5196,0.0007,0.6592,0.2615,0.7529,0.8241,0.7898,0.6954,0.716,0.7652,0.8318,0.9701,0.5062,1
0.2263,0.3233,0.1738,0.0983,0.2906,0.3364,0.167,0.0666,0.2846,0.2953,0.2643,0.0718,0.0011,0.6414,0.375,0.6575,0.6891,0.7416,0.6978,0.7453,0.5279,0.6549,0.567,0.4238,0.0011,0.7079,0.1889,0.7304,0.824,0.8058,0.7779,0.6832,0.6159,0.7203,0.7226,0.4188,1
0.2465,0.3639,0.1252,0.0307,0.314,0.3923,0.1412,0.0162,0.2876,0.3842,0.1691,0.0191,0.0051,0.5766,0.3038,0.746,0.6353,0.6759,0.605,0.6279,0.5136,0.55,0.5808,0.4465,0.0051,0.5996,0.2537,0.6628,0.8066,0.7612,0.637,0.6685,0.5594,0.658,0.7548,0.3542,1
0.1965,0.3547,0.1363,0.0063,0.2719,0.3305,0.1552,0.003,0.2657,0.2805,0.2302,0.0069,0.0027,0.5669,0.1678,0.6225,0.6404,0.6672,0.7495,0.645,0.5355,0.5356,0.5887,0.3891,0.0027,0.5903,0.1678,0.661,0.7018,0.6294,0.6246,0.7609,0.7603,0.6416,0.6562,0.1643,1
0.2781,0.1542,0.2506,0.0093,0.3254,0.1219,0.2419,0.0105,0.301,0.1294,0.3188,0.0133,0.002,0.7504,0.345,0.7807,0.8311,0.7418,0.794,0.919,0.7337,0.6511,0.7152,0.4111,0.002,0.8259,0.2598,0.7109,0.8182,0.8978,0.874,0.8737,0.6046,0.6297,0.6318,0.2392,1
0.2105,0.3707,0.1459,0.0189,0.2868,0.3802,0.1356,0.0062,0.2818,0.3394,0.2153,0.0105,0.0003,0.6324,0.3476,0.6805,0.6706,0.7317,0.6823,0.7862,0.5538,0.6422,0.5743,0.3595,0.0003,0.6581,0.4449,0.7641,0.6429,0.8142,0.9259,0.8989,0.6932,0.7618,0.8258,0.2314,1
0.2564,0.3196,0.1815,0.006,0.3358,0.3155,0.1559,0.0046,0.3173,0.285,0.2255,0.0088,0.0006,0.6439,0.2652,0.7062,0.6588,0.7672,0.7236,0.7469,0.5913,0.6514,0.6285,0.4059,0.0006,0.6733,0.1681,0.7269,0.6811,0.8145,0.7549,0.7009,0.6169,0.7983,0.783,0.3293,1
0.2591,0.2281,0.1905,0.0089,0.3175,0.2204,0.1835,0.0084,0.2918,0.2259,0.2523,0.0081,0.0015,0.661,0.3385,0.7177,0.7099,0.7113,0.6852,0.8238,0.5985,0.6911,0.6921,0.3922,0.0015,0.7093,0.2031,0.6075,0.7068,0.9295,0.8189,0.8081,0.6802,0.8164,0.9108,0.2515,1
0.2961,0.3431,0.1567,0.0214,0.3782,0.3773,0.1354,0.0182,0.3518,0.3665,0.2193,0.0233,0.0004,0.6156,0.2867,0.7062,0.6823,0.6915,0.6865,0.6644,0.481,0.6647,0.7299,0.3963,0.0004,0.6582,0.192,0.7466,0.7202,0.8498,0.7226,0.7451,0.6114,0.8514,0.7678,0.3657,1
0.1497,0.3963,0.1315,0.0281,0.2004,0.4205,0.1493,0.0152,0.1853,0.3881,0.1762,0.0171,0.0006,0.5383,0.1345,0.5896,0.571,0.7537,0.6437,0.6322,0.4853,0.5731,0.4278,0.297,0.0006,0.5539,0.133,0.5978,0.5029,0.7144,0.5627,0.4885,0.4338,0.662,0.4687,0.0926,1
0.3115,0.2262,0.2879,0.0614,0.4134,0.2136,0.3388,0.0517,0.4135,0.1903,0.4734,0.0549,0.0012,0.7177,0.3591,0.9143,0.7118,0.8291,0.7103,0.8205,0.5043,0.7769,0.7002,0.44,0.0012,0.7404,0.1623,0.7052,0.8033,0.6047,0.5922,0.6607,0.5963,0.8058,0.6989,0.3256,1
0.3012,0.0896,0.3111,0.0287,0.3559,0.0726,0.3127,0.0221,0.3322,0.1023,0.414,0.0326,0.0018,0.8062,0.2231,0.6765,0.7958,0.9424,0.9356,0.8525,0.7959,0.7266,0.7723,0.4726,0.0018,0.8889,0.388,0.5275,0.6929,1,1,0.9966,0.7914,0.9612,0.8273,0.516,1
0.2539,0.3016,0.2025,0.0628,0.305,0.3154,0.1844,0.0689,0.2766,0.3136,0.225,0.073,0.0004,0.5664,0.0596,0.6451,0.5865,0.6568,0.629,0.7027,0.5098,0.6031,0.7007,0.4225,0.0004,0.6059,0.0271,0.4462,0.5555,0.6275,0.6039,0.585,0.6517,0.7196,0.7594,0.3277,-1
0.4238,0.1348,0.3096,0.0264,0.5938,0.1416,0.3421,0.0106,0.5641,0.1628,0.4243,0.012,0.0012,0.7423,0.3094,0.8079,0.7892,0.725,0.6524,0.8113,0.7275,0.7865,0.7748,0.5541,0.0012,0.7669,0.0507,0.7132,0.688,0.5299,0.445,0.5563,0.6933,0.6805,0.7991,0.3459,-1
0.2233,0.1873,0.4152,0.0274,0.3145,0.1953,0.3265,0.0277,0.3046,0.2168,0.4773,0.0278,0.0025,0.5992,0.2721,0.7178,0.6123,0.6477,0.5526,0.628,0.5678,0.6792,0.7097,0.4483,0.0025,0.6288,0.1182,0.6378,0.7005,0.43,0.3214,0.3159,0.6168,0.7017,0.7723,0.3692,-1
0.3621,0.2455,0.2957,0.215,0.4623,0.2387,0.319,0.2134,0.4355,0.2465,0.3957,0.2115,0.0036,0.5499,0,0.37,0.5953,0.7779,0.6605,0.7421,0.4796,0.586,0.5337,0.3009,0.0036,0.5754,0.1164,0.4372,0.6373,0.7529,0.6519,0.6806,0.4018,0.5544,0.5082,0.2403,-1
0.1475,0.3914,0.1047,0.0125,0.1777,0.4247,0.0746,0.0041,0.1651,0.394,0.145,0.0067,0.057,0.4911,0.2007,0.5755,0.6025,0.5772,0.5211,0.4684,0.4327,0.5701,0.613,0.4562,0.057,0.5213,0.1279,0.5787,0.5679,0.5848,0.5271,0.4631,0.4715,0.7542,0.5968,0.441,-1
0.2627,0.1886,0.2636,0.0965,0.2913,0.2112,0.2506,0.0955,0.2712,0.2266,0.3086,0.1007,0.0238,0.6258,0.3925,0.6584,0.5951,0.7017,0.5735,0.784,0.5696,0.6151,0.7897,0.5202,0.0238,0.7006,0.0716,0.6622,0.6487,0.5887,0.4126,0.5787,0.6459,0.8741,0.6996,0.4892,-1
0.1292,0.4516,0.5243,0.4798,0.1165,0.8506,0.5051,0.5182,0.0584,1,0.4707,0.5212,0.6739,0.1561,0.8745,0.1866,0,0,0,0,0.4114,0.5508,0.4529,0.3757,0.6739,0.1482,0.2556,0.105,0.0418,0.2018,0.3027,0.2861,0.4792,0.6329,0.5042,0.2309,-1
0.2163,0.4123,0.1363,0.037,0.2956,0.4229,0.1624,0.0365,0.2996,0.3549,0.2647,0.0386,0.0016,0.5012,0.3385,0.6374,0.7359,0.6768,0.5285,0.4717,0.3586,0.4519,0.5278,0.3542,0.0016,0.518,0.3007,0.6936,0.7963,0.7116,0.4289,0.3545,0.1868,0.4934,0.3629,0.2698,-1
0.3502,0.2223,0.2599,0.0267,0.4684,0.2118,0.2762,0.0327,0.4728,0.1961,0.4188,0.0368,0.0005,0.7842,0.2581,0.8001,0.822,0.8106,0.7566,0.8669,0.7387,0.8375,0.917,0.4815,0.0005,0.8223,0.2013,0.6884,0.8535,0.8304,0.7957,0.79,0.7542,0.9332,0.9038,0.3571,-1
0.2698,0.2032,0.2861,0.0501,0.3041,0.2048,0.2397,0.0063,0.2981,0.2107,0.3564,0.0098,0.0005,0.587,0.1788,0.6277,0.7645,0.6862,0.5837,0.6237,0.5568,0.6791,0.5045,0.4386,0.0005,0.6434,0.1257,0.4885,0.4728,0.5909,0.4852,0.4341,0.3884,0.7365,0.6452,0.1811,-1
0.2458,0.2184,0.2086,0.0085,0.2933,0.2501,0.1941,0.0038,0.2507,0.3045,0.2596,0.0075,0.0025,0.6488,0.2853,0.6642,0.7166,0.7804,0.7014,0.7862,0.5791,0.4864,0.6396,0.4697,0.0025,0.6911,0.2637,0.7258,0.6768,0.7558,0.7135,0.8317,0.5362,0.5459,0.5066,0.4073,-1
0.3344,0.1319,0.3933,0.0014,0.4714,0.1355,0.3246,0.0005,0.4829,0.1144,0.497,0.0005,0.003,0.7271,0.3946,0.777,0.736,0.7836,0.4937,0.7264,0.7011,0.9131,0.8253,0.6132,0.003,0.7422,0.3244,0.7719,0.5253,0.7074,0.5577,0.6313,0.7468,0.928,0.6499,0.4214,-1
0.2059,0.3104,0.1551,0.0076,0.2563,0.3471,0.1404,0.0062,0.2632,0.2791,0.2111,0.0105,0.0072,0.5577,0.215,0.6445,0.5473,0.6498,0.6139,0.6715,0.5688,0.554,0.7377,0.3885,0.0072,0.5835,0.2019,0.6517,0.2317,0.4385,0.4734,0.4618,0.5665,0.6533,0.7384,0.3707,-1
0.2096,0.2061,0.3435,0.0065,0.2575,0.2078,0.2295,0.0066,0.2536,0.2008,0.3373,0.0057,0.0005,0.5423,0.2484,0.7426,0.6205,0.6457,0.6753,0.616,0.3759,0.4543,0.5805,0.4002,0.0005,0.572,0.2368,0.8103,0.6167,0.6086,0.5303,0.4837,0.2511,0.3822,0.5332,0.181,-1
0.055,0.2725,0.1709,0.023,0.003,0.2319,0.0934,0.0099,0.0042,0.2123,0.1773,0.0138,0.0014,0.4261,0.117,0.4467,0.6011,0.5356,0.4989,0.6213,0.4483,0.3698,0.4484,0.2816,0.0014,0.5243,0.1851,0.3729,0.28,0.3395,0.4445,0.3568,0.4173,0.426,0.4867,0.2033,-1
0.3623,0.145,0.2804,0.028,0.4687,0.1211,0.2939,0.0273,0.4324,0.1491,0.3645,0.0278,0.0036,0.5625,0.2362,0.7693,0.7535,0.6935,0.5205,0.6159,0.4368,0.6415,0.5034,0.3915,0.0036,0.6073,0.1483,0.51,0.5757,0.5031,0.1792,0.3282,0.5063,0.6228,0.4794,0.1093,-1
0.2424,0.2184,0.2364,0.0397,0.2986,0.2365,0.2328,0.0427,0.2863,0.2322,0.3192,0.0474,0.003,0.6544,0.3657,0.7179,0.692,0.7335,0.7145,0.8362,0.592,0.44,0.6217,0.5068,0.003,0.6889,0.291,0.748,0.6763,0.4724,0.7562,0.7669,0.5433,0.5958,0.6513,0.2081,-1
0.1707,0.2712,0.1977,0.0646,0.2136,0.275,0.1903,0.0497,0.2158,0.2648,0.2768,0.0527,0.0003,0.5346,0.2522,0.5791,0.5585,0.5667,0.5864,0.5963,0.53,0.5569,0.6305,0.407,0.0003,0.5697,0.1484,0.554,0.3668,0.3075,0.4008,0.4514,0.3152,0.5183,0.5968,0.3313,-1
0.2704,0.1682,0.3942,0.0266,0.3625,0.198,0.3245,0.024,0.3658,0.2116,0.4535,0.024,0.003,0.4275,0.3137,0.6766,0.5829,0.5728,0.4572,0.507,0.3818,0.2219,0.2795,0.4077,0.003,0.4298,0.3159,0.5117,0.3775,0.3399,0.3088,0.2321,0.2032,0.2053,0.3569,0.3,-1
0.2298,0.1901,0.2653,0.01,0.2768,0.1836,0.2357,0.0057,0.2673,0.1709,0.3491,0.0091,0.0024,0.6333,0.3123,0.8023,0.6885,0.7173,0.7037,0.6823,0.5362,0.535,0.6065,0.5166,0.0024,0.6827,0.2495,0.7064,0.5343,0.6239,0.5948,0.4969,0.5319,0.66,0.6629,0.3657,-1
0.322,0.0962,0.3324,0.0151,0.4025,0.0874,0.3509,0.0108,0.3918,0.1188,0.4545,0.0087,0.0018,0.6267,0.222,0.6202,0.6964,0.672,0.5086,0.867,0.5919,0.6419,0.8478,0.302,0.0018,0.6644,0.2481,0.5084,0.4108,0.5909,0.3155,0.561,0.6428,0.5229,0.7727,0.4421,-1
0.2346,0.1488,0.421,0.0328,0.3365,0.1538,0.333,0.0019,0.3247,0.1618,0.4826,0.0014,0.0006,0.5648,0.3398,0.6037,0.6196,0.6359,0.5592,0.6191,0.4355,0.5743,0.6861,0.5084,0.0006,0.6465,0.2752,0.5357,0.3476,0.2395,0.3308,0.3106,0.3637,0.5739,0.7546,0.3939,-1
0.213,0.3354,0.1764,0.0291,0.3134,0.3551,0.2238,0.025,0.3083,0.3424,0.2963,0.0295,0.0012,0.5422,0.281,0.7228,0.6345,0.5275,0.622,0.6315,0.4418,0.5411,0.6179,0.3699,0.0012,0.5436,0.186,0.5893,0.7612,0.2581,0.3109,0.4703,0.2928,0.5881,0.752,0.2933,-1
0.0754,0.4389,0.1504,0.0615,0.0721,0.4543,0.1334,0.0482,0.0824,0.3923,0.2219,0.0521,0.0005,0.4524,0.1477,0.5772,0.5663,0.5041,0.4764,0.5682,0.4189,0.3776,0.5536,0.4113,0.0005,0.4955,0.1567,0.7001,0.5031,0.1177,0.3079,0.4084,0.2316,0.5747,0.5705,0.1302,-1
0.1719,0.3173,0.3789,0.0086,0.2037,0.3214,0.3083,0.0031,0.2414,0.2948,0.5064,0.0028,0.008,0.4583,0.2767,0.6693,0.6336,0.6225,0.5155,0.5494,0.5095,0.3054,0,0.47,0.008,0.5581,0.1337,0.5102,0.5825,0.4158,0.3585,0.3693,0.5551,0.5209,0.5909,0.4068,-1
0.1787,0.3721,0.387,0.0362,0.2141,0.3688,0.2593,0.0301,0.229,0.3733,0.4532,0.0308,0.0286,0.4395,0.2424,0.7023,0.5965,0.3335,0.2879,0.3911,0.4762,0.5045,0.6292,0.5569,0.0286,0.5073,0.162,0.6546,0.4704,0.3202,0.2711,0.2278,0.4869,0.5464,0.7401,0.5082,-1
0.2056,0.3508,0.1806,0.0691,0.3168,0.324,0.233,0.056,0.3097,0.2839,0.3085,0.0643,0.0059,0.5354,0.2173,0.5333,0.7204,0.5579,0.4527,0.6591,0.4024,0.5931,0.7009,0.4962,0.0059,0.5302,0.1177,0.4851,0.5726,0.3464,0.3389,0.3705,0.317,0.5289,0.6536,0.3991,-1
0.2052,0.1753,0.3257,0.2818,0.2392,0.162,0.3052,0.2651,0.2555,0.1249,0.4503,0.265,0.0007,0.484,0.2307,0.5691,0.5151,0.6105,0.4421,0.5681,0.414,0.5633,0.6312,0.3842,0.0007,0.535,0.3097,0.3395,0.3819,0.2898,0.266,0.2932,0.2527,0.5438,0.5502,0.5215,-1
0.3733,0.2088,0.2596,0.085,0.4344,0.1917,0.2819,0.0587,0.4444,0.1302,0.3669,0.0642,0.0103,0.5286,0.1706,0.6068,0.6499,0.5389,0.5904,0.6588,0.4304,0.4733,0.5484,0.5106,0.0103,0.5619,0.0501,0.3068,0.543,0.2518,0.4482,0.3187,0.338,0.5433,0.8221,0.4864,-1
0.1903,0.3847,0.246,0.0119,0.2876,0.3816,0.197,0.009,0.2912,0.3309,0.3299,0.0106,0.0014,0.4129,0.1238,0.5648,0.5941,0.6204,0.5623,0.5541,0.311,0.3103,0.2847,0.2682,0.0014,0.414,0.0295,0.4153,0.358,0.443,0.4059,0.3154,0.1097,0.3296,0.2161,0.3881,-1
0.1483,0.2316,0.3908,0.0304,0.196,0.267,0.2879,0.0351,0.1886,0.261,0.4142,0.0358,0.0048,0.3892,0.1774,0.5185,0.5722,0.5748,0.4402,0.485,0.338,0.2357,0.3826,0.4522,0.0048,0.3855,0.0468,0.4613,0.3837,0.3641,0.2303,0.4101,0.1587,0.1409,0.4048,0.1947,-1
0.1483,0.2316,0.3908,0.0304,0.196,0.267,0.2879,0.0351,0.1886,0.261,0.4142,0.0358,0.0042,0.3894,0.1774,0.5185,0.5722,0.5748,0.4402,0.485,0.338,0.2357,0.3826,0.4522,0.0042,0.3856,0.0907,0.4232,0.3553,0.3336,0.2358,0.4212,0.1307,0.1482,0.3703,0.2134,-1
0.474,0.0887,0.4473,0.0182,0.6662,0.0955,0.3939,0.0163,0.648,0.1118,0.5132,0.0178,0.0024,0.7146,0.4429,0.7558,0.7288,0.793,0.7032,0.7777,0.6803,0.7115,0.7256,0.4152,0.0024,0.7244,0.2321,0.8232,0.7203,0.7412,0.5311,0.6083,0.491,0.6713,0.4111,0.3281,-1
0.157,0.453,0.0959,0.039,0.2033,0.4309,0.101,0.0152,0.183,0.4335,0.1233,0.0158,0.0054,0.4085,0.2512,0.5529,0.5975,0.523,0.428,0.4649,0.3024,0.4226,0.515,0.1891,0.0054,0.4327,0.3014,0.5387,0.4129,0.3174,0.3201,0.2345,0.2336,0.4869,0.6208,0.2635,-1
0.5812,0.1354,0.5224,0.1274,0.7319,0.1758,0.5867,0.1437,0.7173,0.2608,0.7597,0.1514,0.0002,0.6801,0.407,0.9659,0.8617,0.6182,0.6432,0.5176,0.5436,0.7246,0.8463,0.5812,0.0002,0.7303,0.0623,0.7216,0.8886,0.5169,0.4733,0.4187,0.3959,0.6373,0.7358,0.2955,-1
0.3663,0.1349,0.3095,0.0157,0.4845,0.1349,0.2826,0.0107,0.4587,0.1553,0.3794,0.0118,0.0039,0.597,0.2712,0.7922,0.7745,0.6444,0.5375,0.5151,0.476,0.7839,0.6852,0.3358,0.0039,0.612,0.2203,0.5922,0.6972,0.5541,0.3914,0.2608,0.3832,0.7603,0.5865,0.2919,-1
0.1768,0.2995,0.2217,0.0456,0.2188,0.3354,0.2555,0.0575,0.2324,0.3117,0.3479,0.0624,0.0022,0.4596,0.2996,0.6809,0.5955,0.543,0.4883,0.6568,0.4582,0.2515,0.327,0.4101,0.0022,0.499,0.0639,0.461,0.3872,0.3046,0.2474,0.4605,0.4613,0.3025,0.4892,0.2365,-1
0.2313,0.3597,0.1684,0.0694,0.2815,0.3675,0.1452,0.0688,0.2809,0.3078,0.242,0.0783,0.0016,0.4532,0.2677,0.5126,0.6775,0.5664,0.5461,0.4815,0.3225,0.3676,0.4508,0.4399,0.0016,0.4796,0.2501,0.5624,0.5541,0.5385,0.344,0.2784,0.1645,0.3705,0.5091,0.1954,-1
0.2818,0.2102,0.2324,0.0405,0.3303,0.1932,0.239,0.0219,0.2989,0.1973,0.2646,0.027,0.0017,0.6119,0.4244,0.7708,0.7189,0.7453,0.4258,0.6506,0.4947,0.6193,0.7898,0.4707,0.0017,0.6657,0.2604,0.6698,0.8329,0.4386,0.3382,0.4399,0.6409,0.802,0.9235,0.5044,-1
0.3456,0.3474,0.2827,0.3439,0.428,0.386,0.33,0.4181,0.3551,0.3752,0.3434,0.4367,0.0025,0.5175,0.3933,0.6687,0.5049,0.6697,0.5826,0.6323,0.3504,0.4856,0.5756,0.3094,0.0025,0.5424,0.2398,0.436,0.4616,0.6339,0.6476,0.5111,0.4334,0.6092,0.4652,0.1903,-1
0.3495,0.212,0.2947,0.0519,0.4435,0.2561,0.3168,0.0487,0.4124,0.3004,0.3721,0.0493,0.0013,0.4677,0.1795,0.6531,0.5901,0.5609,0.4227,0.4742,0.5126,0.5552,0.4455,0.3828,0.0013,0.4801,0.1162,0.6349,0.3417,0.3342,0.3304,0.3218,0.2433,0.5335,0.4015,0.2561,-1
1,0.4014,1,1,0.8386,0.7902,1,1,0.652,0.8877,1,1,1,0,0.1713,0.1927,0,0,0,0,0,0.3917,0.2065,0.4619,1,0,0.0559,0.4198,0.0216,0,0.1403,0.1993,0.033,0.5033,0.3232,0.2207,-1
0.3027,0.2515,0.3678,0.0319,0.4378,0.2638,0.2943,0.0345,0.3998,0.2891,0.3832,0.0346,0.003,0.5144,0.3114,0.8035,0.6215,0.6235,0.4847,0.5847,0.3497,0.529,0.581,0.3075,0.003,0.5132,0.2674,0.6792,0.596,0.4328,0.4718,0.433,0.2429,0.4436,0.5183,0.1768,-1
0.3648,0.1566,0.2707,0.0302,0.5188,0.1407,0.3092,0.02,0.5086,0.1444,0.4565,0.0227,0.0028,0.6097,0.0474,0.8138,0.7788,0.7346,0.5714,0.456,0.6182,0.6719,0.7054,0.1897,0.0028,0.6191,0.3311,0.696,0.7889,0.6442,0.523,0.2654,0.5123,0.5854,0.5367,0.2903,-1
0.2001,0.236,0.3036,0.1162,0.2425,0.2359,0.3261,0.1064,0.2497,0.1997,0.4453,0.1169,0.0006,0.466,0.225,0.6913,0.4749,0.4933,0.4284,0.5167,0.5781,0.5172,0.4535,0.5037,0.0006,0.489,0.1591,0.3433,0.4011,0.2438,0.2666,0.3562,0.3075,0.4635,0.4388,0.3871,-1
0.6152,0.3689,0.6563,0.2871,0.8219,0.3804,0.6745,0.3335,0.6525,0.4242,0.7697,0.3415,0.0089,0.331,0.334,0.5815,0.3749,0.5792,0.515,0.6339,0.3402,0,0.08,0.1242,0.0089,0.3388,0,0.306,0.0717,0.3573,0.3089,0.4324,0.1801,0,0,0.06,-1
0.3393,0.1784,0.2462,0.0461,0.4536,0.1583,0.2725,0.0222,0.4506,0.1471,0.3786,0.0275,0.0027,0.6218,0.3027,0.6928,0.7068,0.5145,0.5911,0.6565,0.6626,0.823,0.7568,0.3735,0.0027,0.651,0.0401,0.5653,0.4786,0.377,0.3122,0.2769,0.3469,0.7735,0.8062,0.4116,-1
0.0467,0.3912,0.2901,0.3341,0.0314,0.4472,0.3283,0.3882,0.0131,0.3677,0.3809,0.3959,0.6821,0.1001,0.0176,0,0,0.0608,0,0.0522,0.3823,0.6157,0.6688,0.4555,0.6821,0.1074,0.0815,0,0.2128,0.1095,0.2509,0.4122,0.3275,0.6632,0.5563,0.5041,-1
0.1752,0.3652,0.1777,0.1179,0.223,0.3797,0.1895,0.0866,0.2039,0.3911,0.2177,0.0907,0.0028,0.5222,0.3236,0.6032,0.5689,0.6452,0.5682,0.5692,0.4968,0.598,0.4928,0.4194,0.0028,0.5432,0.2779,0.59,0.4569,0.6926,0.344,0.5981,0.5277,0.7315,0.6725,0.1849,-1
0.1643,0.4354,0.1501,0.066,0.2108,0.4475,0.1385,0.0493,0.1967,0.4359,0.1827,0.0497,0.0027,0.4734,0.4497,0.6434,0.5562,0.5195,0.3905,0.5827,0.4748,0.5728,0.5558,0.2315,0.0027,0.4976,0.0503,0.6085,0.5604,0.2596,0.2121,0.3552,0.5707,0.6412,0.6207,0.2173,-1
0.2343,0.5107,0.2764,0.0759,0.3519,0.6035,0.3622,0.0822,0.3011,0.6872,0.404,0.0873,0.0028,0.5254,0.6871,0.6422,0.6524,0.3548,0.3688,0.6803,0.5034,0.5642,0.7506,0.2159,0.0028,0.5317,0.1487,0.5387,0.5737,0.2403,0.1796,0.4216,0.4345,0.7068,0.7893,0.1954,-1
0.1685,0.3834,0.1798,0.0701,0.2184,0.3688,0.2076,0.0619,0.2023,0.363,0.2424,0.0621,0.0023,0.5313,0.0669,0.5736,0.6043,0.6558,0.4195,0.5725,0.5787,0.6181,0.6981,0.375,0.0023,0.5484,0.1067,0.4672,0.597,0.2812,0.2927,0.6891,0.7777,0.8182,0.4304,0.9717,-1
0.2224,0.1823,0.4027,0.0374,0.2329,0.1531,0.2673,0.0058,0.2282,0.1603,0.3945,0.0058,0.0022,0.4507,0.2979,0.3744,0.5896,0.5576,0.5322,0.592,0.3533,0.2108,0.7489,0.448,0.0022,0.6094,0.2484,0.5761,0.2184,0.3481,0.3577,0.3075,0.3314,0.67,0.6554,0.4534,-1
0.2078,0.3286,0.2796,0.0405,0.2961,0.3374,0.2074,0.0435,0.3056,0.2908,0.3387,0.0435,0.0008,0.4924,0.3565,0.6488,0.6193,0.4951,0.471,0.6424,0.444,0.3996,0.4664,0.4226,0.0008,0.5296,0.2056,0.3724,0.4736,0.1999,0.3023,0.3133,0.1629,0.6499,0.7202,0.2865,-1
0.1932,0.2943,0.2983,0.0403,0.2497,0.2942,0.2189,0.0394,0.2627,0.2612,0.3273,0.0413,0.0004,0.5163,0.4188,0.6568,0.5668,0.5004,0.5035,0.633,0.3084,0.6591,0.6542,0.3556,0.0004,0.5596,0.2353,0.4914,0.3092,0.3333,0.305,0.5746,0.479,0.7638,0.6014,0.3501,-1
0.0499,0.4452,0.1149,0.0293,0.0565,0.4162,0.1166,0.0305,0.0591,0.372,0.1812,0.0351,0.0077,0.2757,0.2,0.4742,0.2971,0.2379,0.3044,0.366,0.3175,0.4371,0.4069,0.3698,0.0077,0.3072,0.0635,0.3893,0.1089,0.047,0.1259,0.1531,0.2619,0.4486,0.4675,0.235,-1
0.0801,0.3301,0.2932,0.0141,0.1183,0.3128,0.2325,0.0063,0.1215,0.2834,0.3448,0.0071,0.0099,0.3347,0.2686,0.4722,0.4336,0.238,0.2711,0.3505,0.3978,0.5336,0.5376,0.445,0.0099,0.3359,0.3439,0.4699,0.0956,0.108,0.1299,0.1568,0.1312,0.6284,0.7041,0.3181,-1
0.4014,0.2487,0.3763,0.0269,0.5529,0.2582,0.2835,0.0229,0.5201,0.2517,0.3399,0.0232,0.0002,0.5924,0.2077,0.7435,0.7087,0.5267,0.6142,0.6529,0.3929,0.6511,0.8388,0.477,0.0002,0.6301,0.2725,0.6729,0.6788,0.5575,0.4961,0.446,0.3244,0.7875,0.8106,0.3836,-1
0.089,0.4027,0.1098,0.0305,0.1174,0.4022,0.1181,0.0252,0.1405,0.2914,0.2469,0.0407,0.0015,0.3446,0.2458,0.6351,0.4502,0.2516,0.2675,0.5092,0.4615,0.4673,0.4388,0.0381,0.0015,0.3954,0.1459,0.4287,0.4707,0.1186,0.0735,0.0886,0.3473,0.5237,0.5122,0.4285,-1
0.0909,0.3322,0.1462,0.0476,0.095,0.2932,0.1399,0.0133,0.1091,0.2275,0.2197,0.0208,0.0012,0.392,0.2913,0.6485,0.517,0.3636,0.265,0.4762,0.5223,0.5302,0.3836,0,0.0012,0.4168,0.1249,0.5439,0.4062,0.2831,0.0986,0.2708,0.3491,0.5405,0.6132,0,-1
0.1204,0.5077,0.1539,0.2256,0.1507,0.5077,0.1742,0.2381,0.1436,0.4424,0.2575,0.2438,0.0006,0.3928,0.1443,0.6069,0.4017,0.4186,0.4052,0.5192,0.3521,0.5112,0.5694,0.4403,0.0006,0.4119,0.1269,0.4485,0.3058,0.2081,0.2507,0.3115,0.2639,0.5931,0.5034,0.233,-1
0.1143,0.443,0.1535,0.0829,0.1557,0.4676,0.1762,0.0716,0.153,0.4074,0.2188,0.0766,0.0006,0.4326,0.2188,0.6533,0.6645,0.5987,0.4006,0.4197,0.3052,0.392,0.5637,0.3598,0.0006,0.4373,0.0971,0.6375,0.5713,0.4742,0.1592,0.3021,0.1933,0.5586,0.5801,0.2016,-1
0.0863,0.4693,0.246,0.0541,0.1286,0.456,0.1769,0.0607,0.1159,0.4781,0.258,0.0609,0.0027,0.4584,0.2904,0.6619,0.5038,0.306,0.3453,0.4891,0.3838,0.6826,0.7436,0.5081,0.0027,0.4598,0.216,0.3881,0.3572,0.1292,0.2204,0.2818,0.2006,0.6768,0.7155,0.3634,-1
0.0653,0.3958,0.2507,0.0155,0.0916,0.3707,0.1767,0.0106,0.0819,0.3905,0.2196,0.0109,0.0025,0.4257,0.2167,0.6838,0.5079,0.3286,0.2527,0.4858,0.4723,0.6978,0.609,0.4359,0.0025,0.4455,0.098,0.4932,0.1842,0.1613,0.1773,0.3425,0.3707,0.9185,0.5193,0.2382,-1
0.1937,0.4018,0.2222,0.3213,0.208,0.4265,0.1862,0.2933,0.2105,0.3466,0.2809,0.3112,0.0012,0.3959,0.2595,0.6346,0.4485,0.3007,0.3499,0.4299,0.3265,0.5463,0.4519,0.4677,0.0012,0.5116,0.1015,0.5056,0.2845,0.1668,0.2761,0.3376,0.3022,0.4766,0.6485,0.5069,-1
0.2244,0.2371,0.3875,0.092,0.2807,0.2579,0.3053,0.075,0.2833,0.2298,0.456,0.0757,0.0009,0.4207,0.2937,0.6892,0.5941,0.3999,0.4049,0.5119,0.3585,0.4865,0.2544,0.3981,0.0009,0.4995,0.2069,0.5948,0.4601,0.2193,0.22,0.3234,0.3144,0.5069,0.6722,0.1857,-1
0.2486,0.3025,0.2007,0.0749,0.2834,0.333,0.1744,0.0719,0.268,0.3197,0.2098,0.0827,0.0029,0.5006,0.3568,0.6889,0.6654,0.4763,0.5056,0.5384,0.3712,0.5342,0.6175,0.3624,0.0029,0.5358,0.3057,0.5253,0.5207,0.333,0.323,0.3044,0.339,0.616,0.5821,0.2866,-1
0.1235,0.4771,0.2417,0.0316,0.1648,0.5019,0.1574,0.0227,0.1787,0.4084,0.2802,0.024,0.001,0.3911,0.2943,0.4968,0.4933,0.4966,0.4135,0.4932,0.4423,0.4461,0.5153,0.0984,0.001,0.4106,0.1715,0.3641,0.1733,0.2295,0.0895,0.2931,0.2321,0.5623,0.4477,0.1282,-1
0.122,0.431,0.1414,0.058,0.1489,0.4729,0.1595,0.0424,0.1587,0.3973,0.2572,0.0438,0.001,0.463,0.0055,0.5121,0.5518,0.551,0.5497,0.6206,0.3964,0.5596,0.5087,0.3108,0.001,0.524,0.3126,0.4594,0.3162,0.3443,0.2638,0.3876,0.3096,0.5814,0.5156,0.1827,-1
0.4414,0.1584,0.3104,0.0777,0.4988,0.1655,0.2865,0.0617,0.4605,0.1987,0.3567,0.0642,0.0013,0.6098,0.3377,0.7091,0.7035,0.5638,0.6519,0.7324,0.5049,0.5433,0.6979,0.4727,0.0013,0.6705,0.3234,0.6911,0.7401,0.4031,0.6561,0.7677,0.4012,0.6951,0.6261,0.2658,-1
0.3435,0.163,0.3017,0.0991,0.418,0.18,0.2892,0.0428,0.3921,0.1965,0.3413,0.0498,0.0012,0.5722,0.3171,0.72,0.6987,0.5614,0.5431,0.684,0.4653,0.536,0.6388,0.5634,0.0012,0.6311,0.2267,0.6107,0.4721,0.4512,0.5062,0.4611,0.43,0.5762,0.684,0.27,-1
0.478,0.1554,0.3217,0.0627,0.5945,0.1146,0.342,0.0676,0.5957,0.1226,0.4888,0.0705,0.0049,0.5671,0.2913,0.7914,0.6705,0.5179,0.5746,0.4909,0.3767,0.6793,0.8968,0.562,0.0049,0.5841,0.1472,0.6405,0.6262,0.3891,0.4265,0.3199,0.4362,0.6532,0.662,0.3824,-1
0.5031,0.1065,0.3845,0.1736,0.6627,0.0774,0.4113,0.1137,0.6629,0.0914,0.5588,0.1192,0.0071,0.7102,0.1711,0.896,0.9517,0.9041,0.5394,0.5568,0.5667,0.7602,0.8215,0.6276,0.0071,0.8086,0.1857,0.8525,0.9648,0.7462,0.3258,0.368,0.5603,0.7252,0.7974,0.1975,-1
0.2927,0.1077,0.4344,0.0177,0.3724,0.1493,0.3272,0.0182,0.3436,0.1977,0.412,0.0178,0.0012,0.6031,0.3756,0.8181,0.8162,0.6294,0.2901,0.3025,0.4723,0.8132,1,0.634,0.0012,0.617,0.1831,0.7143,0.7258,0.6772,0,0.0621,0.288,0.9551,0.9289,0.3899,-1
0.3076,0.1919,0.4598,0.0603,0.3989,0.25,0.3278,0.0459,0.3719,0.3368,0.4182,0.048,0.0019,0.5601,0.2037,0.7103,0.7895,0.4923,0.3718,0.2856,0.5354,0.8343,0.8496,0.58,0.0019,0.5643,0.1081,0.3129,0.7387,0.2996,0.2085,0,0.3066,0.7918,0.8733,0.4909,-1
0.2497,0.1753,0.2672,0.0857,0.3064,0.1841,0.2529,0.0139,0.2852,0.2156,0.3386,0.0179,0.0025,0.537,0.3286,0.7288,0.7149,0.4899,0.3335,0.5209,0.5783,0.7303,0.7101,0.2839,0.0025,0.5422,0.2341,0.5733,0.4571,0.3228,0.1804,0.3394,0.4797,0.9212,0.7866,0.2593,-1
0.2029,0.1391,0.2817,0.0329,0.2445,0.1371,0.2929,0.0194,0.2215,0.1797,0.3617,0.0202,0.0023,0.5555,0.1358,0.6303,0.6841,0.4795,0.3837,0.4373,0.5926,0.7135,0.9934,0.4941,0.0023,0.5871,0.1866,0.5294,0.4796,0.235,0.1895,0.1619,0.358,0.8295,0.8922,0.3613,-1
0.3121,0.1339,0.424,0.0177,0.3438,0.136,0.2941,0.0222,0.3401,0.1313,0.4222,0.0225,0.029,0.3348,0.1503,0.7178,0.2212,0.3851,0.4683,0.394,0.1963,0.3111,0.4873,0.5381,0.029,0.4093,0.1036,0.4301,0,0.201,0.2272,0.1312,0,0.7039,0.6159,0.2629,-1
0.4027,0.1697,0.5118,0.0972,0.4543,0.1991,0.4182,0.1139,0.4437,0.1976,0.5299,0.117,0.0344,0.3386,0.2396,0.6137,0.2352,0.3443,0.3823,0.3051,0.3047,0.4795,0.5742,0.5145,0.0344,0.4085,0.133,0.4767,0.1487,0.2351,0.1417,0.0514,0.0529,0.4548,0.7836,0.4696,-1
0.2881,0.3635,0.1437,0.0598,0.3601,0.3731,0.1452,0.0557,0.3459,0.3639,0.2349,0.0602,0.001,0.542,0.4395,0.6213,0.6159,0.567,0.4666,0.6422,0.4839,0.6221,0.6001,0.4241,0.001,0.5882,0.1694,0.6752,0.6368,0.5006,0.4904,0.5275,0.6893,0.8431,0.7868,0.4009,-1
0.2069,0.1242,0.2504,0.0294,0.228,0.1223,0.242,0.0095,0.2256,0.1231,0.3305,0.0124,0.0031,0.3885,0.1971,0.6164,0.5574,0.5273,0.3101,0.3177,0.3992,0.5876,0.4485,0.1723,0.0031,0.4325,0.2047,0.4287,0.3204,0.2856,0.1262,0.0489,0.28,0.5765,0.4172,0.3395,-1
0.272,0.1524,0.2529,0.0958,0.3313,0.1472,0.2382,0.0209,0.3299,0.1456,0.3662,0.0249,0.0029,0.4064,0.1895,0.5421,0.5607,0.4104,0.2998,0.5889,0.3752,0.5413,0.5211,0.2178,0.0029,0.4411,0.0773,0.3442,0.2365,0.2298,0.1324,0.2545,0.3173,0.4656,0.4318,0.2258,-1
0.3188,0.4237,0.1384,0.0465,0.442,0.4488,0.1578,0.0532,0.424,0.4019,0.2294,0.0596,0.0008,0.536,0.2509,0.6597,0.6648,0.5514,0.4827,0.5101,0.5531,0.6015,0.6996,0.4234,0.0008,0.5676,0.1382,0.6785,0.7266,0.4315,0.4305,0.562,0.5847,0.8653,0.6959,0.3121,-1
0.2207,0.4373,0.1488,0.0746,0.2542,0.4371,0.1457,0.0456,0.235,0.4188,0.1765,0.0478,0.0018,0.436,0.3671,0.5917,0.5941,0.4152,0.3046,0.5038,0.3853,0.4942,0.6601,0.4303,0.0018,0.4452,0.1914,0.5775,0.588,0.265,0.2465,0.2978,0.4607,0.8461,0.7219,0.0653,-1
0.2349,0.5056,0.124,0.0598,0.3076,0.5208,0.1202,0.0596,0.2866,0.4848,0.1659,0.065,0.0006,0.4633,0.2355,0.7051,0.6139,0.3941,0.3955,0.4686,0.4496,0.503,0.7186,0.3868,0.0006,0.4852,0.0682,0.7126,0.6386,0.2472,0.2955,0.395,0.4401,0.7787,0.8305,0.3091,-1
0.2131,0.2611,0.2188,0.0316,0.2719,0.2616,0.2204,0.0171,0.2767,0.2367,0.3604,0.019,0.0043,0.4286,0.1717,0.6708,0.5673,0.6855,0.5954,0.3267,0.2942,0.366,0.4787,0.3184,0.0043,0.4341,0.4942,0.506,0.4819,0.5692,0.3165,0.0745,0.226,0.3915,0.3984,0.1436,-1
0.074,0.3775,0.1551,0.0636,0.0594,0.3589,0.1333,0.0131,0.0602,0.3211,0.2053,0.0183,0.0061,0.3815,0.1363,0.4855,0.4786,0.6092,0.5872,0.3914,0.2637,0.3991,0.3991,0.3714,0.0061,0.4305,1,0.415,0.4051,0.4932,0.5257,0.0942,0.1858,0.4238,0.5563,0.2609,-1
0.0331,0.8028,0.0614,0.0717,0.0299,0.8462,0.0363,0.0686,0.0239,0.79,0.0857,0.0784,0.0027,0.2466,0.1476,0.505,0.4133,0.2817,0.2328,0.3017,0.2487,0.346,0.3325,0.2546,0.0027,0.2598,0.1074,0.5253,0.4603,0.2208,0.0792,0.133,0.1815,0.4959,0.2966,0.334,-1
0.1544,0.453,0.1068,0.0056,0.2061,0.448,0.1036,0.0027,0.2188,0.3484,0.1893,0.006,0.0006,0.4906,0.2108,0.5486,0.6423,0.6007,0.5648,0.518,0.3626,0.4988,0.6005,0.4147,0.0006,0.5136,0.0897,0.489,0.5219,0.5002,0.5224,0.4766,0.3671,0.6198,0.5285,0.3159,-1
0.0114,1,0,0.0298,0.0051,1,0,0.0353,0,0.8884,0,0.0426,0.0006,0.3112,0.1446,0.4832,0.5177,0.321,0.2958,0.3992,0.3578,0.3724,0.4329,0.2654,0.0006,0.3319,0.0627,0.5418,0.5688,0.2096,0.2219,0.2998,0.2454,0.7472,0.5157,0.4682,-1
0.1128,0.5921,0.067,0.0393,0.1426,0.5893,0.0907,0.0441,0.1477,0.4714,0.1547,0.0512,0.0014,0.3573,0.1524,0.5293,0.5019,0.4859,0.4049,0.4522,0.3348,0.3872,0.3998,0.2478,0.0014,0.3823,0.1581,0.4801,0.5121,0.2985,0.271,0.1959,0.2299,0.4899,0.4606,0.2237,-1
0.1933,0.2749,0.3402,0.0055,0.2609,0.2699,0.2477,0.0005,0.2763,0.2232,0.3938,0.0008,0.0006,0.5012,0.2851,0.6676,0.5747,0.6022,0.5091,0.5845,0.3992,0.5245,0.5294,0.4174,0.0006,0.5405,0.2292,0.5361,0.5073,0.4813,0.3701,0.3337,0.4054,0.5381,0.6088,0.3734,-1
0.1543,0.3144,0.1563,0.0326,0.2102,0.2637,0.161,0.0159,0.2207,0.221,0.3108,0.0206,0.0111,0.4737,0.3148,0.7304,0.5858,0.4925,0.5529,0.5669,0.3982,0.2783,0.5953,0.3986,0.0111,0.4929,0.2783,0.6627,0.4734,0.3297,0.3754,0.3705,0.2439,0.5126,0.7492,0.3002,-1
0.378,0.4057,0.3151,0.1477,0.4939,0.6115,0.3384,0.1488,0.431,0.7627,0.3407,0.1512,0.0023,0.5896,0.8902,0.6695,0.681,0.5539,0.4696,0.6329,0.4963,0.5781,0.6114,0.3525,0.0023,0.6241,0.141,0.5851,0.7391,0.3964,0.3235,0.6026,0.5955,0.7391,0.594,0.3838,-1
0.1391,0.2972,0.1863,0.0065,0.1877,0.2943,0.2018,0.004,0.1969,0.2447,0.3054,0.0085,0.0011,0.4036,0.1373,0.5361,0.5084,0.3645,0.5761,0.4623,0.2506,0.4246,0.5679,0.5491,0.0011,0.4114,0.1797,0.4371,0.2157,0.273,0.4593,0.2134,0.0634,0.3758,0.6955,0.4638,-1
0.043,0.6605,0.0436,0.0187,0.0583,0.634,0.0575,0.0212,0.0655,0.528,0.1155,0.0294,0.0007,0.3019,0.1137,0.5163,0.556,0.4955,0.2749,0.3053,0.1669,0.4721,0.4143,0.2234,0.0007,0.3152,0.0966,0.515,0.4816,0.3737,0.1064,0.128,0.1378,0.6754,0.3509,0.247,-1
0.0929,0.3301,0.1735,0.057,0.1062,0.326,0.1679,0.057,0.1219,0.274,0.2839,0.0617,0.0011,0.3387,0.1229,0.4435,0.5213,0.3104,0.2735,0.3472,0.369,0.5382,0.4995,0.4345,0.0011,0.3606,0.086,0.2556,0.3609,0.144,0.1014,0.0879,0.2435,0.5906,0.4901,0.5396,-1
0.1985,0.3118,0.1934,0.0224,0.2551,0.2814,0.2095,0.0076,0.2485,0.2497,0.3113,0.0166,0.0031,0.5183,0.1102,0.8051,0.6982,0.5974,0.4708,0.5642,0.5008,0.4905,0.6779,0.3336,0.0031,0.5594,0.1453,0.5657,0.5985,0.4458,0.2945,0.3772,0.4767,0.6059,0.3618,0.0674,-1
0,0.5638,0.0897,0.0145,0,0.5198,0.1461,0.0146,0.0068,0.4458,0.1668,0.0195,0.0114,0.4042,0.1966,0.6143,0.6287,0.53,0.4901,0.5655,0.1305,0.2019,0.534,0.4323,0.0114,0.4143,0.1991,0.5076,0.3156,0.4208,0.3809,0.3615,0.0452,0.282,0.6031,0.479,-1
0.1439,0.2588,0.2821,0.2243,0.1546,0.2438,0.2732,0.2107,0.1551,0.233,0.3577,0.2205,0.0113,0.3727,0.2961,0.5808,0.6039,0.4771,0.2405,0.4435,0.2456,0.4445,0.457,0.4055,0.0113,0.4063,0.0827,0.4396,0.3975,0.1692,0.0383,0.2577,0.1311,0.4196,0.553,0.2914,-1
0.2258,0.3507,0.3192,0.041,0.3201,0.3974,0.2676,0.0451,0.3267,0.3207,0.3957,0.0465,0.0019,0.4209,0.1131,0.5876,0.5779,0.4483,0.537,0.5989,0.2398,0.4307,0.454,0.4024,0.0019,0.4266,0.0251,0.3762,0.3464,0.3656,0.5227,0.3405,0.1222,0.3658,0.4895,0.1344,-1
0.2654,0.2484,0.3635,0.0182,0.4116,0.2569,0.3386,0.0215,0.4244,0.228,0.5195,0.0221,0.002,0.4428,0.2333,0.6411,0.5337,0.6672,0.6027,0.5429,0.4555,0.2307,0.1728,0.307,0.002,0.4296,0.0851,0.3448,0.3284,0.4012,0.4192,0.3159,0.1676,0.1829,0.2344,1,-1
0.5397,0.3499,0.585,0.1464,0.7869,0.4363,0.6138,0.1751,0.7248,0.5594,0.7589,0.1866,0.0013,0.5768,1,0.6391,0.6604,0.5448,0.3315,0.4633,0.6013,0.7847,0.7928,0.3577,0.0013,0.5688,0.1492,0.3755,0.5672,0.2107,0.2781,0.277,0.4294,0.8675,0.8703,0.2791,-1
0.3169,0.2421,0.3741,0.1089,0.4125,0.2988,0.4318,0.1238,0.4106,0.3275,0.5585,0.1388,0.0007,0.5911,0.5108,0.7739,0.6985,0.5643,0.4046,0.4239,0.5723,0.8078,0.8002,0.4715,0.0007,0.6152,0.0183,0.5622,0.4893,0.2295,0.1718,0.3126,0.4233,0.9218,0.9158,0.3721,-1
0.32,0.297,0.2017,0.0241,0.4179,0.3309,0.184,0.025,0.417,0.2901,0.2854,0.0317,0.0006,0.4329,0.2595,0.5993,0.5258,0.3872,0.3281,0.4846,0.4867,0.5729,0.5792,0.4532,0.0006,0.4554,0.1502,0.5309,0.3947,0.2134,0.1626,0.2497,0.3053,0.6899,0.7133,0.2134,-1
0.4492,0.1887,0.401,0.0218,0.6373,0.2435,0.3255,0.0211,0.6393,0.2251,0.5052,0.0219,0.0017,0.5326,0.2653,0.7814,0.6227,0.5623,0.389,0.5254,0.5272,0.6109,0.7101,0.4023,0.0017,0.5252,0.1568,0.6923,0.4958,0.3793,0.0874,0.2926,0.3562,0.7276,0.6321,0.2658,-1
0.3629,0.1572,0.2901,0.0242,0.4656,0.144,0.298,0.0245,0.4297,0.1717,0.3508,0.0267,0.0009,0.6907,0.2976,0.7459,0.7496,0.8583,0.6557,0.5005,0.641,0.8266,0.8903,0.556,0.0009,0.7422,0.2481,0.6831,0.8227,0.8642,0.5854,0.3572,0.6927,0.955,0.8218,0.4587,-1
0.5661,0.0323,0.3522,0.0297,0.6593,0.0228,0.3487,0.0312,0.6365,0.0444,0.4543,0.0358,0.0027,0.7101,0.3726,0.8898,0.8384,0.5109,0.6285,0.704,0.6479,0.7933,0.9242,0.5172,0.0027,0.7947,0.2997,0.7929,0.7916,0.3557,0.4578,0.5206,0.7058,0.8046,0.787,0.355,-1
0.5923,0.0623,0.3534,0.056,0.7213,0.0356,0.3581,0.0421,0.6968,0.0565,0.4951,0.0426,0.0046,0.6202,0.3826,0.7765,0.6773,0.5073,0.5186,0.709,0.7164,0.6987,0.8129,0.2048,0.0046,0.6691,0.2252,0.7855,0.6158,0.312,0.3385,0.5982,0.5827,0.6339,0.6952,0.1926,-1
0.3811,0.0734,0.3675,0.029,0.4791,0.0632,0.4186,0.0253,0.4623,0.0951,0.5155,0.0305,0.0005,0.7635,0.5008,0.8307,0.8603,0.7035,0.661,0.5527,0.751,0.9367,0.96,0.5681,0.0005,0.7993,0.2191,0.6925,0.8256,0.5343,0.5877,0.2714,0.5092,0.9183,1,0.4912,-1
0.2264,0.2288,0.4244,0.0366,0.3034,0.2496,0.3669,0.0439,0.3108,0.2272,0.5215,0.0442,0.0017,0.4931,0.1902,0.5573,0.5382,0.5656,0.619,0.5386,0.3402,0.5218,0.6233,0.5067,0.0017,0.4956,0.0388,0.4231,0.2483,0.403,0.5228,0.2967,0.3194,0.5259,0.5931,0.2643,-1
0.2601,0.2751,0.339,0.0131,0.3903,0.2925,0.2935,0.0087,0.3789,0.275,0.3958,0.0092,0.0029,0.5822,0.2921,0.6754,0.6603,0.6668,0.5382,0.5947,0.6388,0.7011,0.6577,0.2384,0.0029,0.5777,0.1467,0.6717,0.6506,0.5667,0.3976,0.3218,0.5871,0.7638,0.7558,0.166,-1
0.1134,0.5596,0.0882,0.0675,0.156,0.5697,0.1033,0.0418,0.1623,0.5328,0.1575,0.0462,0.0052,0.4125,0.3902,0.5538,0.5302,0.4544,0.4369,0.5316,0.391,0.4127,0.3186,0.4889,0.0052,0.4194,0.2349,0.5177,0.425,0.3006,0.3315,0.3372,0.2845,0.4183,0.3374,0.3125,-1
0.251,0.3252,0.2012,0.0687,0.3255,0.3203,0.213,0.0318,0.3202,0.2963,0.3002,0.0363,0.0006,0.5505,0.3101,0.5701,0.6427,0.541,0.5179,0.6158,0.609,0.5898,0.6217,0.4967,0.0006,0.5829,0.1983,0.5742,0.4981,0.5103,0.4443,0.3137,0.6305,0.6316,0.6773,0.2731,-1
0.5656,0.1173,0.4199,0.0232,0.8213,0.126,0.3552,0.0247,0.8031,0.1228,0.5375,0.0268,0.0018,0.7397,0.4663,0.8883,0.8324,0.7269,0.7497,0.8449,0.5544,0.6886,0.6932,0.5174,0.0018,0.7442,0.2805,0.8786,0.7853,0.5824,0.6175,0.7262,0.497,0.7283,0.5092,0.3717,-1
0.1508,0.4012,0.1105,0.0335,0.1762,0.3869,0.0965,0.0271,0.1539,0.4108,0.1357,0.0284,0.0035,0.4539,0.514,0.6196,0.5649,0.6133,0.4952,0.4626,0.2961,0.4686,0.591,0.4166,0.0035,0.4887,0.3376,0.5829,0.4423,0.5327,0.2898,0.1986,0.3392,0.7049,0.5967,0.2945,-1
0.2374,0.4139,0.2881,0.4935,0.2807,0.4171,0.2696,0.46,0.2647,0.3774,0.3388,0.4655,0.0003,0.5513,0.2074,0.5368,0.6272,0.5938,0.5312,0.5802,0.523,0.464,0.4292,1,0.0003,0.676,0.1174,0.419,0.5318,0.4095,0.5016,0.5408,0.4431,0.6132,0.4041,0.816,-1
0.1623,0.272,0.2318,0.0843,0.2155,0.2705,0.2226,0.0452,0.2084,0.2623,0.2955,0.0492,0.0013,0.567,0.11,0.6339,0.6987,0.6209,0.5299,0.6715,0.4483,0.6106,0.6807,0.4738,0.0013,0.8123,0.6389,0.6487,0.5483,0.3566,0.3436,0.3384,0.2392,0.7502,0.6721,0.362,-1
0.2722,0.3215,0.23,0.0926,0.3178,0.3653,0.1927,0.0703,0.2867,0.3636,0.263,0.0742,0.0058,0.6587,0.194,0.6773,0.6917,0.7252,0.6761,0.8034,0.7245,0.551,0.7693,0.4102,0.0058,0.6998,0.1209,0.693,0.7103,0.8176,0.8342,0.65,0.7755,0.7417,0.7575,0.3978,-1
0.3522,0.5381,0.4282,0.4414,0.465,0.789,0.5179,0.4956,0.4229,0.8092,0.5898,0.5068,0.0002,0.4803,0.8417,0.4139,0.5255,0.4859,0.4565,0.6599,0.4541,0.4104,0.5974,0.2909,0.0002,0.521,0.0225,0.0906,0.2286,0.1807,0.2719,0.3443,0.455,0.4656,0.6753,0.0892,-1
